//Fill tile for map
Fill:4

//Rectangle: "Rect:TileID,X1,Y1,X2,Y2"
//Single Tile: "TileID,X,Y"

//BEGIN TOWN REGION

//Map Boundaries
Rect:3,-35,-34,-2,-25
Rect:3,3,-34,36,-25
Rect:3,25,-25,36,-2
Rect:3,25,3,36,35
Rect:3,-35,25,-2,35
Rect:3,3,25,36,35
Rect:3,-35,-25,-25,25

//Entry/Exit Barrier
Rect:0,-2,-27,3,-26
Rect:0,-2,26,3,27
Rect:0,26,-2,27,3

//Dirt Paths
Rect:10,-2,-35,3,35
Rect:10,-25,-2,36,3
Rect:6,-25,-2,-2,-1
Rect:6,3,-2,36,-1
Rect:7,-25,2,-2,3
Rect:7,3,2,36,3
Rect:8,-2,-35,-1,-2
Rect:8,-2,3,-1,35
Rect:9,2,-35,3,-2
Rect:9,2,3,3,35
Rect:8,-25,-2,-24,3

//Houses
77,-24,-6
77,-9,-6
101,4,-6
101,18,-6

//Trees
45,-17,-7
45,-12,-7
45,11,-7
45,15,-7

45,-22,-22
45,-14,-24
45,14,-22
45,-24,-14
45,-16,-15
45,-9,-14
45,9,-16
45,15,-15
45,-22,5
45,-14,7
45,4,6
45,10,5
45,20,5
45,-22,15
45,-14,15
45,-7,12
45,8,14
45,16,12

//NPCs
67,-15,-7
75,-15,-5
73,5,3
71,4,3

//Misc
53,-3,-4
53,3,-4
53,-25,-4
53,24,-4

//END TOWN REGION

//BEGIN NORTH-FIELD REGION

//Entry/Exit Barrier
Rect:0,-2,-107,3,-106

Rect:10,-2,-149,3,-100
Rect:8,-2,-149,-1,-100
Rect:9,2,-149,3,-100
Rect:6,-2,-149,3,-148

//Beach
Rect:14,-69,-187,70,-182
Rect:19,-69,-194,70,-186
Rect:21,-69,-186,70,-185
Rect:14,-69,-182,-51,-181
Rect:14,-33,-182,-15,-181
Rect:14,3,-182,21,-181
Rect:14,39,-182,57,-181
Rect:15,-69,-181,-51,-180
Rect:15,-33,-181,-15,-180
Rect:15,3,-181,21,-180
Rect:15,39,-181,57,-180
Rect:15,-51,-182,-33,-181
Rect:15,-15,-182,3,-181
Rect:15,21,-182,39,-181
Rect:15,57,-182,70,-181
17,-51,-182
17,-15,-182
17,21,-182
17,57,-182
18,-34,-182
18,2,-182
18,38,-182

//Map Boundaries
Rect:2,-69,-185,-58,-180
Rect:2,60,-185,70,-181
Rect:3,-69,-181,-58,-100
Rect:3,60,-182,70,-100
Rect:3,-58,-109,-2,-100
Rect:3,3,-109,60,-100

//Randomly scattered trees
45,-57,-177
45,-48,-180
45,-39,-178
45,-32,-179
45,-25,-178
45,-11,-180
45,-3,-177
45,5,-178
45,13,-178
45,20,-177
45,29,-180
45,35,-178
45,42,-177
45,51,-179
45,-56,-168
45,-49,-170
45,-39,-169
45,-29,-168
45,-18,-171
45,-9,-169
45,-3,-168
45,5,-171
45,15,-171
45,25,-169
45,35,-170
45,46,-170
45,54,-170
45,-55,-163
45,-47,-161
45,-37,-162
45,-28,-162
45,-22,-160
45,-15,-160
45,-4,-163
45,5,-161
45,16,-161
45,22,-163
45,30,-161
45,37,-162
45,48,-160
45,57,-161
45,-57,-154
45,-51,-153
45,-44,-155
45,-36,-153
45,-25,-153
45,-14,-152
45,-3,-154
45,5,-154
45,16,-152
45,22,-153
45,28,-155
45,36,-152
45,44,-154
45,52,-152
45,-57,-143
45,-51,-143
45,-44,-144
45,-36,-144
45,-28,-144
45,-20,-142
45,-9,-142
45,11,-145
45,17,-145
45,26,-145
45,37,-144
45,47,-143
45,54,-145
45,-56,-135
45,-50,-134
45,-39,-135
45,-28,-135
45,-19,-136
45,-8,-137
45,5,-136
45,14,-135
45,22,-134
45,32,-135
45,43,-137
45,50,-136
45,-55,-126
45,-47,-124
45,-40,-124
45,-34,-125
45,-26,-124
45,-15,-125
45,-8,-127
45,8,-127
45,14,-126
45,23,-127
45,32,-125
45,42,-124
45,50,-127
45,-55,-117
45,-49,-118
45,-39,-118
45,-29,-115
45,-21,-118
45,-12,-115
45,-6,-115
45,12,-115
45,23,-115
45,30,-116
45,36,-116
45,43,-117
45,52,-117

//END NORTH-FIELD REGION

//BEGIN SOUTH-FIELD REGION

//Entry/Exit Barrier
Rect:0,-2,107,3,108

Rect:10,-2,101,3,150
Rect:8,-2,101,-1,150
Rect:9,2,101,3,150
Rect:7,-2,149,3,150

//Cliff
Rect:1,-69,181,70,189
Rect:1,-69,180,-51,181
Rect:1,-33,180,-15,181
Rect:1,3,180,21,181
Rect:1,39,180,57,181
Rect:32,-69,180,-51,181
Rect:32,-33,180,-15,181
Rect:32,3,180,21,181
Rect:32,39,180,57,181
Rect:32,-51,181,-33,182
Rect:32,-15,181,3,182
Rect:32,21,181,39,182
Rect:32,57,181,70,182
Rect:33,-69,181,-51,182
Rect:33,-33,181,-15,182
Rect:33,3,181,21,182
Rect:33,39,181,57,182
Rect:33,-51,182,-33,183
Rect:33,-15,182,3,183
Rect:33,21,182,39,183
Rect:33,57,182,70,183
Rect:6,-69,180,-51,181
Rect:6,-33,180,-15,181
Rect:6,3,180,21,181
Rect:6,39,180,57,181
Rect:6,-51,181,-33,182
Rect:6,-15,181,3,182
Rect:6,21,181,39,182
Rect:6,57,181,70,182
9,-52,180
9,-16,180
9,20,180
9,56,180
8,-33,180
8,3,180
8,39,180

//Map Boundaries
Rect:3,-69,101,-58,180
Rect:3,60,101,70,181
Rect:3,-58,101,-2,110
Rect:3,3,101,60,110

//Randomly scattered trees
45,-50,112
45,-43,114
45,-35,111
45,-27,112
45,-17,112
45,-7,113
45,11,114
45,17,114
45,24,112
45,34,111
45,44,111
45,51,113
45,-51,122
45,-43,121
45,-33,120
45,-27,122
45,-17,119
45,-7,122
45,6,121
45,15,119
45,25,122
45,36,119
45,44,120
45,50,120
45,-52,127
45,-41,128
45,-35,129
45,-25,130
45,-15,128
45,-9,127
45,6,128
45,17,129
45,23,128
45,34,127
45,45,129
45,52,130
45,-49,138
45,-39,141
45,-31,140
45,-24,139
45,-18,140
45,-10,138
45,8,138
45,16,141
45,23,140
45,29,141
45,36,140
45,44,138
45,53,138
45,-53,149
45,-42,150
45,-33,149
45,-22,150
45,-12,151
45,-4,151
45,10,148
45,18,149
45,29,148
45,40,150
45,46,148
45,53,151
45,-51,161
45,-44,162
45,-37,161
45,-29,159
45,-22,162
45,-13,162
45,-4,160
45,6,160
45,12,162
45,23,161
45,30,159
45,41,159
45,51,162
45,-50,171
45,-39,172
45,-29,171
45,-22,172
45,-12,173
45,-1,170
45,8,173
45,19,170
45,29,173
45,39,172
45,48,173
45,55,170

//END SOUTH-FIELD REGION

//BEGIN CAVE-PASS REGION

Rect:40,150,-20,151,22
Rect:39,151,-20,210,22
Rect:10,90,-2,130,3
Rect:6,90,-2,130,-1
Rect:7,90,2,130,3
Rect:9,129,-2,130,3

101,108,-6

//Map Boundaries
Rect:3,90,-20,101,-2
Rect:3,90,3,101,22
Rect:3,101,-20,151,-11
Rect:3,101,13,151,22
Rect:2,151,-20,210,-11
Rect:2,151,13,210,22
Rect:2,200,-11,210,13

//Entry/Exit Barrier
Rect:0,99,-2,100,3

//Trees
45,125,3
45,105,3
45,103,3
45,101,3
45,115,7
45,125,-6
45,105,-6
45,103,-6
45,101,-6
45,115,-10

//Puddles, rocks, etc.
Rect:44,197,-3,200,0
Rect:44,197,2,200,5
44,170,8
44,174,8
44,172,11
44,170,-7
44,174,-7
44,172,-10

44,180,4
44,184,4
44,182,7
44,180,-3
44,184,-3
44,182,-6

44,190,2
44,194,2
44,192,5
44,190,-1
44,194,-1
44,192,-4

//END CAVE-PASS REGION